iteration,test_acc,actions
0,0.3095141185448995,"[[[4.28323355e-03 0.00000000e+00 0.00000000e+00 1.50049319e-02
   2.05412507e-03 0.00000000e+00 0.00000000e+00 5.79219684e-03
   9.87964496e-03 0.00000000e+00]
  [2.52697454e-03 8.09781998e-03 6.10464159e-03 0.00000000e+00
   0.00000000e+00 0.00000000e+00 0.00000000e+00 0.00000000e+00
   1.37020298e-03 0.00000000e+00]
  [1.50381215e-03 7.70926895e-03 0.00000000e+00 2.18120730e-03
   7.70124886e-03 5.02341520e-03 1.10273678e-02 7.86051992e-03
   1.12694288e-02 7.06464425e-03]
  [0.00000000e+00 4.51190455e-04 1.10554779e-02 3.88661725e-03
   0.00000000e+00 4.58996138e-03 6.92131091e-03 6.59100292e-03
   3.98898590e-03 6.21023774e-03]
  [0.00000000e+00 1.56041011e-02 3.62505903e-03 0.00000000e+00
   6.60189893e-04 0.00000000e+00 0.00000000e+00 0.00000000e+00
   6.81068283e-03 1.40490872e-03]
  [2.80588353e-03 8.83604027e-03 0.00000000e+00 0.00000000e+00
   0.00000000e+00 0.00000000e+00 2.19300925e-03 0.00000000e+00
   0.00000000e+00 7.27377832e-04]
  [4.07180469e-03 1.07469200e-03 5.01367636e-03 3.17072822e-03
   0.00000000e+00 2.72615906e-03 1.23881828e-03 2.76509789e-04
   6.17722282e-04 0.00000000e+00]
  [4.54446627e-03 3.65998619e-03 0.00000000e+00 1.95502676e-03
   3.26535385e-03 1.91933697e-03 2.22543534e-03 2.10525934e-03
   3.59495357e-03 3.83423711e-03]
  [0.00000000e+00 0.00000000e+00 8.98088422e-03 7.71418167e-03
   4.02197987e-03 6.36075111e-03 0.00000000e+00 6.49024732e-05
   0.00000000e+00 0.00000000e+00]
  [3.50825209e-03 4.61106095e-03 0.00000000e+00 1.71888270e-03
   4.06183489e-03 0.00000000e+00 0.00000000e+00 1.56687840e-03
   1.64745608e-04 1.23111233e-02]]]"
1,0.3795726278300687,"[[[0.02687321 0.05013837 0.         0.         0.         0.
   0.04965716 0.         0.15409948 0.07756896]
  [0.09312576 0.         0.         0.         0.         0.
   0.01070849 0.         0.         0.        ]
  [0.04678141 0.         0.         0.         0.14272326 0.
   0.17924467 0.         0.04975785 0.        ]
  [0.00785989 0.04814777 0.10234921 0.         0.         0.
   0.         0.09390122 0.00650318 0.04086878]
  [0.         0.02884633 0.09729305 0.         0.07780366 0.
   0.         0.         0.         0.01918716]
  [0.         0.03436954 0.         0.06052333 0.         0.0381934
   0.06274278 0.         0.0568121  0.04789141]
  [0.         0.         0.0073018  0.         0.         0.
   0.         0.10240295 0.01321159 0.        ]
  [0.01316897 0.05049783 0.         0.         0.         0.
   0.07289989 0.03141998 0.07974721 0.        ]
  [0.15776305 0.         0.00285379 0.06348516 0.18950488 0.
   0.07399825 0.00251005 0.         0.        ]
  [0.10704772 0.16134848 0.07014236 0.         0.08893752 0.
   0.         0.         0.00302094 0.04226492]]]"
2,0.36787077079623504,"[[[0.03103694 0.05320147 0.         0.         0.         0.
   0.02652953 0.         0.10347583 0.08085427]
  [0.03238995 0.         0.         0.         0.0110942  0.0153681
   0.03230827 0.         0.01075156 0.02239328]
  [0.01064793 0.         0.         0.         0.10458127 0.
   0.12735513 0.         0.02953219 0.        ]
  [0.02248265 0.03513051 0.12522249 0.         0.         0.
   0.         0.08316792 0.         0.03286673]
  [0.         0.         0.09599906 0.         0.08175218 0.
   0.00367675 0.         0.         0.02611797]
  [0.         0.01024961 0.         0.03266015 0.         0.02837622
   0.         0.         0.01945329 0.08845202]
  [0.02593679 0.         0.0521699  0.         0.         0.
   0.00102767 0.03881253 0.01604477 0.        ]
  [0.         0.06619421 0.         0.         0.         0.
   0.0306754  0.02590377 0.06496458 0.        ]
  [0.12821293 0.         0.         0.0276263  0.18217653 0.
   0.02034983 0.         0.         0.        ]
  [0.06678004 0.16560628 0.0505558  0.00031516 0.07448056 0.
   0.         0.         0.0049098  0.02704448]]]"
3,0.414423810735182,"[[[0.02127552 0.06273752 0.         0.         0.         0.
   0.03621724 0.         0.09611031 0.10187884]
  [0.02000633 0.         0.         0.         0.02876024 0.00969805
   0.03446971 0.         0.         0.02338978]
  [0.         0.         0.         0.         0.09136479 0.
   0.11936913 0.         0.04215275 0.        ]
  [0.02172113 0.01714455 0.13886134 0.         0.01204657 0.
   0.         0.08284892 0.         0.05404906]
  [0.         0.         0.09748657 0.         0.07108492 0.
   0.         0.         0.         0.02366352]
  [0.         0.01265435 0.         0.02980927 0.         0.0161286
   0.         0.         0.03563384 0.09131488]
  [0.03722192 0.         0.06036211 0.         0.         0.
   0.         0.02570861 0.04310951 0.        ]
  [0.         0.05985253 0.         0.         0.         0.
   0.03179394 0.02464323 0.06986241 0.        ]
  [0.11956    0.00155984 0.         0.02698275 0.20071593 0.
   0.02694312 0.         0.         0.        ]
  [0.05565954 0.16289477 0.03618273 0.00060332 0.07036694 0.
   0.         0.         0.01993081 0.04031078]]]"
4,0.4187229712541338,"[[[0.0173155  0.06977943 0.         0.         0.         0.
   0.01216431 0.         0.08514245 0.0932297 ]
  [0.02100234 0.         0.         0.         0.02540835 0.0208274
   0.05026308 0.         0.0151299  0.03836124]
  [0.01143291 0.         0.         0.         0.10498692 0.
   0.11464942 0.         0.02879761 0.        ]
  [0.03459716 0.03088685 0.16256048 0.         0.00414556 0.00485047
   0.         0.09062252 0.         0.03233416]
  [0.00349607 0.         0.0903553  0.         0.0918118  0.
   0.00139603 0.         0.         0.04270117]
  [0.00332411 0.         0.         0.0413269  0.         0.01511346
   0.         0.         0.00419517 0.09100362]
  [0.0430513  0.         0.07126634 0.         0.         0.
   0.00721276 0.04613825 0.01114076 0.        ]
  [0.         0.09388494 0.         0.         0.         0.
   0.02128038 0.02092938 0.07316312 0.        ]
  [0.13053323 0.00208684 0.         0.01532965 0.1872953  0.
   0.01105432 0.         0.         0.        ]
  [0.0610377  0.17939889 0.05859368 0.0040277  0.06573038 0.
   0.         0.         0.01403916 0.02008742]]]"
5,0.4702874586619181,"[[[0.0154912  0.06520646 0.         0.         0.         0.
   0.02685205 0.         0.1000679  0.10630478]
  [0.03574007 0.         0.         0.         0.02280253 0.00775996
   0.05023563 0.         0.         0.03293242]
  [0.00574227 0.         0.         0.         0.10732695 0.
   0.1097268  0.         0.04150865 0.        ]
  [0.02666525 0.01876048 0.1650037  0.         0.00725728 0.01463325
   0.         0.1009195  0.         0.03721401]
  [0.         0.         0.08462805 0.         0.07644967 0.
   0.         0.         0.         0.04876986]
  [0.00160624 0.00448061 0.         0.04915203 0.         0.01981653
   0.         0.         0.03335834 0.08412188]
  [0.04470078 0.         0.0572596  0.         0.         0.
   0.00177569 0.05274482 0.02071511 0.        ]
  [0.         0.08600542 0.         0.         0.         0.
   0.01289764 0.02134114 0.06426148 0.        ]
  [0.11855129 0.         0.00566545 0.02782945 0.18001637 0.
   0.02650808 0.         0.         0.        ]
  [0.06645518 0.16115883 0.06690195 0.         0.04907452 0.
   0.         0.         0.02139915 0.02781706]]]"
6,0.46499618417705424,"[[[0.00701877 0.06737086 0.         0.         0.         0.
   0.03445381 0.         0.09826099 0.11289962]
  [0.03140006 0.         0.         0.         0.02943684 0.00843859
   0.0561162  0.         0.         0.02919996]
  [0.00246532 0.         0.         0.         0.10555568 0.
   0.10275826 0.         0.04762437 0.        ]
  [0.02135361 0.01298045 0.16932422 0.         0.02056325 0.01614514
   0.         0.10001525 0.         0.04726815]
  [0.         0.         0.08436338 0.         0.06654511 0.
   0.         0.         0.         0.04417599]
  [0.00265926 0.01116576 0.         0.05015386 0.         0.0100877
   0.         0.         0.04104888 0.08469994]
  [0.04315579 0.         0.05878981 0.         0.         0.
   0.00134519 0.04682245 0.03265652 0.        ]
  [0.         0.07707521 0.         0.         0.         0.
   0.01631136 0.01328248 0.06292637 0.00516962]
  [0.11639124 0.00248987 0.00902283 0.02631653 0.19577152 0.
   0.03250474 0.         0.         0.        ]
  [0.05514535 0.15582101 0.06003679 0.00096278 0.04480977 0.
   0.         0.         0.03635781 0.0436468 ]]]"
7,0.45868735690663953,"[[[0.00745066 0.0606848  0.         0.         0.         0.
   0.02844142 0.         0.08593214 0.1008644 ]
  [0.02711282 0.         0.         0.         0.0221943  0.00990548
   0.05241535 0.         0.         0.02716535]
  [0.         0.         0.         0.         0.09391826 0.
   0.09062365 0.         0.04126514 0.        ]
  [0.02281101 0.01263785 0.15384366 0.         0.02262431 0.01177792
   0.         0.08718331 0.         0.0387974 ]
  [0.         0.         0.07591555 0.         0.05930605 0.
   0.         0.         0.         0.0397015 ]
  [0.         0.0118768  0.         0.04163534 0.         0.00571212
   0.         0.         0.03740346 0.0824009 ]
  [0.04191679 0.         0.05541237 0.         0.         0.
   0.003611   0.03839415 0.02675252 0.        ]
  [0.         0.06813391 0.         0.         0.         0.
   0.01412153 0.00962267 0.05363344 0.0032753 ]
  [0.10457132 0.00165844 0.00643605 0.02108028 0.17895007 0.
   0.01868143 0.         0.         0.        ]
  [0.04951953 0.14047435 0.04811195 0.         0.03912004 0.
   0.         0.         0.03239679 0.04262369]]]"
8,0.44894428898499106,"[[[0.01282131 0.06312532 0.         0.         0.         0.
   0.03174105 0.         0.09316292 0.11130357]
  [0.03700904 0.         0.         0.         0.02241791 0.0061305
   0.05385862 0.         0.         0.03013538]
  [0.         0.         0.         0.         0.0985009  0.
   0.09478317 0.         0.04555708 0.        ]
  [0.02591997 0.01304423 0.16511382 0.         0.01705307 0.01686021
   0.         0.09690381 0.         0.03950039]
  [0.         0.         0.07707828 0.         0.06601685 0.
   0.         0.         0.         0.04882281]
  [0.00131296 0.01192009 0.         0.05032919 0.         0.01303729
   0.         0.         0.04444848 0.08440523]
  [0.04710713 0.         0.05458288 0.         0.         0.
   0.         0.04739791 0.02271169 0.        ]
  [0.         0.07792167 0.         0.         0.         0.
   0.00691304 0.01539119 0.05793745 0.00569118]
  [0.10737263 0.         0.00822021 0.02377266 0.17746264 0.
   0.02148526 0.         0.         0.        ]
  [0.0595089  0.14651234 0.05882189 0.         0.03745679 0.
   0.         0.         0.02805676 0.03723374]]]"
9,0.43027219537013484,"[[[0.01363832 0.05052416 0.         0.         0.         0.
   0.02736947 0.         0.0898098  0.08880532]
  [0.0186322  0.         0.         0.         0.01997972 0.00986155
   0.04595769 0.         0.         0.03274681]
  [0.         0.         0.         0.         0.09000741 0.
   0.08925755 0.         0.0351497  0.        ]
  [0.01687768 0.01307543 0.1341406  0.         0.01987952 0.
   0.         0.08360219 0.         0.03370458]
  [0.         0.         0.07707696 0.         0.05462848 0.
   0.         0.         0.         0.03270921]
  [0.         0.01610969 0.         0.02954268 0.         0.01443064
   0.         0.         0.03284885 0.08461056]
  [0.03593116 0.         0.05199946 0.         0.         0.
   0.00669309 0.02302843 0.02900639 0.        ]
  [0.         0.05949987 0.         0.         0.         0.
   0.01003332 0.0130498  0.04403748 0.        ]
  [0.09677557 0.00280601 0.00361425 0.02339804 0.16730489 0.
   0.01734432 0.         0.         0.        ]
  [0.04526844 0.13319167 0.04609906 0.         0.04077638 0.
   0.         0.         0.02613802 0.03556772]]]"
10,0.4259984736708217,"[[[0.01490936 0.05294017 0.         0.         0.         0.
   0.02914932 0.         0.08910552 0.09447064]
  [0.02021272 0.         0.         0.         0.01430297 0.00589419
   0.0451437  0.         0.         0.02740677]
  [0.         0.         0.         0.         0.0841438  0.
   0.08478372 0.         0.03952429 0.        ]
  [0.02213625 0.01038811 0.12841266 0.         0.0183414  0.
   0.         0.07781477 0.         0.03614254]
  [0.         0.         0.06884299 0.         0.05280941 0.
   0.         0.         0.         0.03050494]
  [0.         0.01721783 0.00197028 0.02552706 0.         0.0103909
   0.         0.         0.04250892 0.0819307 ]
  [0.04037713 0.         0.05026162 0.         0.         0.
   0.00163667 0.02531063 0.029239   0.        ]
  [0.         0.05360527 0.         0.         0.         0.
   0.01429693 0.01168094 0.04352603 0.        ]
  [0.09492413 0.00312748 0.00297511 0.02505428 0.16872373 0.
   0.01136762 0.         0.         0.        ]
  [0.04841284 0.12687899 0.03305513 0.         0.03797344 0.
   0.         0.         0.02392155 0.03737648]]]"
11,0.4275248028491478,"[[[0.01133044 0.05510295 0.         0.         0.         0.
   0.03025969 0.         0.09331745 0.09863862]
  [0.01623772 0.         0.         0.         0.01840806 0.00364657
   0.04640514 0.         0.         0.03017582]
  [0.         0.         0.         0.         0.08168896 0.
   0.08056432 0.         0.04520627 0.        ]
  [0.02209341 0.01034058 0.12137379 0.         0.0131294  0.
   0.         0.07745444 0.         0.04265136]
  [0.         0.         0.05861239 0.         0.05038451 0.
   0.         0.         0.         0.02748844]
  [0.         0.016883   0.00600977 0.02397447 0.         0.00834046
   0.         0.         0.04808539 0.07665276]
  [0.03944869 0.         0.04746342 0.         0.         0.
   0.         0.02311566 0.03198905 0.        ]
  [0.         0.05280814 0.         0.         0.         0.
   0.01428192 0.01219305 0.0451909  0.00193917]
  [0.0926417  0.00843498 0.00779321 0.0236215  0.17035657 0.
   0.01463776 0.         0.         0.        ]
  [0.04494242 0.12140857 0.02726462 0.         0.0360609  0.
   0.         0.         0.02519951 0.03218773]]]"
12,0.40676672602391245,"[[[0.01120542 0.05930519 0.         0.         0.         0.
   0.03300848 0.         0.09771425 0.11029579]
  [0.01160428 0.         0.         0.         0.01918202 0.
   0.05149155 0.         0.         0.03534147]
  [0.         0.         0.         0.         0.0815822  0.
   0.07665631 0.         0.04931381 0.        ]
  [0.02465994 0.00173549 0.12983342 0.         0.01736941 0.
   0.         0.08200765 0.         0.04526689]
  [0.         0.         0.05806147 0.         0.04867011 0.
   0.         0.         0.         0.03101042]
  [0.00025588 0.01731593 0.01214641 0.01960499 0.         0.00854204
   0.         0.         0.05649503 0.08150522]
  [0.04892058 0.         0.05248831 0.         0.         0.
   0.         0.02094079 0.04007616 0.        ]
  [0.         0.05316131 0.         0.         0.         0.
   0.01173805 0.01164816 0.04145975 0.0023854 ]
  [0.09119121 0.01188633 0.00997238 0.02908689 0.17799538 0.
   0.0135573  0.         0.         0.        ]
  [0.04664608 0.12248307 0.02496875 0.         0.03039652 0.
   0.         0.         0.02857469 0.03358771]]]"
13,0.35464258458407527,"[[[6.23778906e-04 6.13789149e-02 0.00000000e+00 0.00000000e+00
   0.00000000e+00 0.00000000e+00 2.13967487e-02 0.00000000e+00
   8.70699883e-02 9.58971232e-02]
  [8.70536175e-03 0.00000000e+00 0.00000000e+00 0.00000000e+00
   1.95349660e-02 9.24343523e-03 5.26044667e-02 0.00000000e+00
   0.00000000e+00 3.47171165e-02]
  [0.00000000e+00 0.00000000e+00 0.00000000e+00 0.00000000e+00
   8.25335830e-02 0.00000000e+00 7.69347996e-02 0.00000000e+00
   4.28251140e-02 0.00000000e+00]
  [2.69607827e-02 1.35968952e-02 1.23546787e-01 0.00000000e+00
   1.58223286e-02 0.00000000e+00 0.00000000e+00 7.31881112e-02
   0.00000000e+00 3.98704596e-02]
  [0.00000000e+00 0.00000000e+00 5.19356951e-02 0.00000000e+00
   4.96421494e-02 0.00000000e+00 0.00000000e+00 0.00000000e+00
   0.00000000e+00 2.60608234e-02]
  [0.00000000e+00 1.03132660e-02 1.08033027e-02 2.18232833e-02
   0.00000000e+00 0.00000000e+00 0.00000000e+00 8.05212650e-04
   4.21547964e-02 7.69710913e-02]
  [4.06098329e-02 0.00000000e+00 5.09842336e-02 0.00000000e+00
   0.00000000e+00 0.00000000e+00 4.80056275e-03 2.19388679e-02
   2.91556623e-02 0.00000000e+00]
  [0.00000000e+00 5.70504814e-02 0.00000000e+00 0.00000000e+00
   0.00000000e+00 0.00000000e+00 1.82657782e-02 6.53881580e-03
   4.59679775e-02 5.91063872e-06]
  [9.65499729e-02 1.44120883e-02 1.08362427e-02 1.54769290e-02
   1.77647516e-01 0.00000000e+00 6.64555840e-03 0.00000000e+00
   0.00000000e+00 0.00000000e+00]
  [3.91186476e-02 1.23322889e-01 2.04400234e-02 0.00000000e+00
   3.51347215e-02 0.00000000e+00 0.00000000e+00 0.00000000e+00
   3.05125192e-02 3.05353962e-02]]]"
14,0.4442381073518189,"[[[0.0053902  0.0653972  0.         0.         0.         0.
   0.0167247  0.         0.08928006 0.10101106]
  [0.00714823 0.         0.         0.         0.01632771 0.00792212
   0.05274386 0.         0.01324816 0.04204777]
  [0.         0.         0.         0.         0.07848372 0.
   0.07498808 0.         0.04418998 0.        ]
  [0.0369311  0.01776452 0.11811437 0.         0.00515316 0.
   0.         0.07121634 0.         0.03823013]
  [0.         0.         0.04171586 0.         0.05636288 0.
   0.         0.         0.         0.02730949]
  [0.         0.00519606 0.01549291 0.0176219  0.         0.
   0.         0.00219241 0.04558044 0.07919034]
  [0.04683745 0.         0.05135747 0.         0.         0.
   0.00069375 0.02133285 0.02169373 0.        ]
  [0.         0.06297868 0.         0.         0.         0.
   0.01495048 0.01152293 0.04860688 0.        ]
  [0.09773297 0.01768144 0.00977592 0.01168313 0.17517447 0.
   0.         0.         0.         0.        ]
  [0.04499263 0.12490855 0.01236062 0.         0.03559575 0.
   0.         0.         0.02028951 0.01626924]]]"
15,0.41022640549478495,"[[[0.00086611 0.05698674 0.         0.         0.         0.
   0.0163668  0.         0.08391606 0.08741961]
  [0.00694317 0.         0.         0.00273637 0.013779   0.01128552
   0.05252304 0.         0.008016   0.03639573]
  [0.         0.         0.         0.         0.07850857 0.
   0.06901179 0.         0.03902682 0.        ]
  [0.02825138 0.0179197  0.11053469 0.         0.01340646 0.
   0.         0.06668331 0.         0.03294237]
  [0.         0.         0.04217011 0.         0.04659495 0.
   0.         0.         0.         0.02326038]
  [0.         0.01066162 0.01219303 0.0175429  0.         0.
   0.         0.00370111 0.0396366  0.07486268]
  [0.03744113 0.         0.04660343 0.         0.         0.
   0.00649367 0.01792762 0.02062449 0.        ]
  [0.         0.05385435 0.         0.         0.         0.
   0.01533653 0.00419823 0.03989983 0.        ]
  [0.09130635 0.01575921 0.01057295 0.01058116 0.16699819 0.
   0.         0.         0.         0.        ]
  [0.03590184 0.11350696 0.01456605 0.         0.03108928 0.
   0.         0.         0.02678163 0.02519334]]]"
16,0.39155431187992884,"[[[0.01225889 0.05616016 0.         0.         0.         0.
   0.03020712 0.         0.09573866 0.10085963]
  [0.00744602 0.         0.         0.         0.01809693 0.00191098
   0.04411021 0.         0.         0.03365293]
  [0.         0.         0.         0.         0.07255065 0.
   0.07501541 0.         0.04894115 0.        ]
  [0.02575292 0.01135461 0.10313144 0.         0.00723882 0.
   0.         0.06935726 0.         0.04778669]
  [0.         0.         0.04659411 0.         0.04738143 0.
   0.         0.         0.         0.01857394]
  [0.         0.01785359 0.0145964  0.01289011 0.         0.00612483
   0.         0.00269864 0.05539354 0.07613221]
  [0.03988225 0.         0.04521198 0.         0.         0.
   0.         0.01199308 0.03500232 0.        ]
  [0.         0.04530071 0.         0.         0.         0.
   0.01651676 0.01378264 0.04451345 0.00081445]
  [0.08902583 0.01545545 0.00765232 0.02034743 0.17298119 0.
   0.00761048 0.         0.         0.        ]
  [0.04121327 0.11390774 0.00837414 0.         0.03709902 0.
   0.         0.         0.02097408 0.02522581]]]"
17,0.41388959552276783,"[[[0.01134059 0.06351674 0.         0.         0.         0.
   0.03835827 0.         0.10640072 0.12217271]
  [0.01600451 0.         0.         0.         0.02307874 0.
   0.0519294  0.         0.         0.03727887]
  [0.         0.         0.         0.         0.07954302 0.
   0.07598154 0.         0.05991792 0.        ]
  [0.02762276 0.00505859 0.12497108 0.         0.00797476 0.
   0.         0.08426017 0.         0.05533662]
  [0.         0.         0.0466276  0.         0.04979221 0.
   0.         0.         0.         0.0300859 ]
  [0.         0.01999642 0.01631437 0.02419677 0.         0.00889781
   0.         0.00144544 0.07108737 0.07807904]
  [0.04918484 0.00032017 0.04658704 0.         0.         0.
   0.         0.02266438 0.03977189 0.        ]
  [0.         0.05515826 0.         0.         0.         0.
   0.0095419  0.01605039 0.04868643 0.01056279]
  [0.09192257 0.01581111 0.01501526 0.02582194 0.18266368 0.
   0.01664049 0.         0.         0.        ]
  [0.04887357 0.11952898 0.01943844 0.         0.02995928 0.
   0.         0.         0.02647289 0.02670101]]]"
18,0.4121343169676927,"[[[0.01181498 0.05993215 0.         0.         0.         0.
   0.02123894 0.         0.09056643 0.09409018]
  [0.00452941 0.         0.         0.         0.02008778 0.00884789
   0.04672911 0.         0.00826667 0.03606333]
  [0.         0.         0.         0.         0.07881516 0.
   0.08110864 0.         0.0422155  0.        ]
  [0.02911163 0.01925516 0.11017829 0.         0.00295573 0.
   0.         0.07016107 0.         0.04366588]
  [0.         0.         0.05115168 0.         0.05976057 0.
   0.         0.         0.         0.02078717]
  [0.         0.00564998 0.0095729  0.01560927 0.         0.00554799
   0.         0.         0.03579529 0.07602325]
  [0.03831296 0.         0.05282624 0.         0.         0.
   0.         0.01881218 0.02601879 0.        ]
  [0.         0.05712586 0.         0.         0.         0.
   0.0206007  0.01351169 0.05183488 0.        ]
  [0.09965061 0.01568944 0.0028284  0.01625292 0.17544764 0.
   0.00563189 0.         0.         0.        ]
  [0.04192954 0.128263   0.01535873 0.         0.04552886 0.
   0.         0.         0.0180899  0.01963783]]]"
19,0.40254388196387686,"[[[0.016093   0.06283158 0.         0.         0.         0.
   0.02505392 0.         0.09807554 0.10709653]
  [0.0020872  0.         0.         0.         0.02482278 0.00239558
   0.0497724  0.         0.00427654 0.04435728]
  [0.         0.         0.         0.         0.08200575 0.
   0.08257282 0.         0.04558475 0.        ]
  [0.02936212 0.00900412 0.12607236 0.         0.00345883 0.
   0.         0.08241241 0.         0.04634249]
  [0.         0.         0.0579269  0.         0.06304447 0.
   0.         0.         0.         0.029867  ]
  [0.00651904 0.00382575 0.00893552 0.0151645  0.         0.01392728
   0.         0.         0.04042605 0.08126723]
  [0.04900915 0.         0.05960072 0.         0.         0.
   0.         0.0196446  0.03501343 0.        ]
  [0.         0.06439559 0.         0.         0.         0.
   0.01292948 0.01869325 0.05049035 0.        ]
  [0.09828579 0.01594673 0.00478785 0.02599043 0.17733893 0.
   0.01180627 0.         0.         0.        ]
  [0.04801673 0.13558798 0.02605515 0.         0.04178553 0.
   0.         0.         0.01819765 0.01636054]]]"
20,0.4018570338336301,"[[[0.01992703 0.05911167 0.         0.         0.         0.
   0.01703587 0.         0.08463088 0.1036948 ]
  [0.         0.         0.         0.00998458 0.01446425 0.01067412
   0.06455263 0.         0.0313978  0.05743947]
  [0.         0.         0.         0.00231547 0.07616349 0.
   0.05908602 0.         0.03380166 0.        ]
  [0.03648261 0.00741595 0.1321241  0.         0.0230825  0.
   0.         0.07653069 0.         0.02816279]
  [0.         0.         0.05465405 0.         0.05939399 0.
   0.         0.         0.         0.03408776]
  [0.00080466 0.00494526 0.01753702 0.00398143 0.         0.00974561
   0.         0.00966242 0.03345665 0.10156377]
  [0.05886625 0.         0.07075698 0.         0.00047485 0.
   0.00753822 0.00303041 0.02450945 0.        ]
  [0.         0.06205036 0.         0.         0.         0.
   0.         0.00655447 0.03039336 0.        ]
  [0.09056804 0.02191674 0.         0.01648555 0.17631969 0.
   0.         0.         0.00675776 0.        ]
  [0.03890149 0.13009171 0.01754018 0.         0.02698619 0.
   0.         0.         0.02077377 0.02129745]]]"
21,0.347850419740524,"[[[0.01336782 0.06482353 0.         0.         0.         0.
   0.01119164 0.         0.08028995 0.104174  ]
  [0.00609441 0.         0.         0.00158778 0.01384568 0.01362878
   0.06393804 0.         0.03168935 0.05533952]
  [0.         0.         0.         0.00842089 0.07924415 0.
   0.06478608 0.         0.03552462 0.        ]
  [0.04361306 0.01802226 0.13947533 0.         0.01507548 0.
   0.         0.0772735  0.         0.02498278]
  [0.         0.         0.04768133 0.         0.06433086 0.
   0.         0.         0.         0.0407321 ]
  [0.         0.00114436 0.01405547 0.02034913 0.         0.00445642
   0.         0.0069776  0.03600251 0.09668463]
  [0.05778288 0.         0.06328914 0.         0.         0.
   0.00584827 0.01782614 0.00950374 0.        ]
  [0.         0.07559104 0.         0.         0.         0.
   0.         0.00922577 0.04163707 0.        ]
  [0.09625625 0.0176555  0.00292331 0.00520733 0.17104746 0.
   0.         0.         0.00093873 0.        ]
  [0.04581659 0.13329366 0.02302969 0.         0.02756248 0.
   0.         0.         0.01801645 0.01449383]]]"
22,0.3669549732892394,"[[[0.01134451 0.06432367 0.         0.         0.         0.
   0.01705132 0.         0.09244011 0.0995457 ]
  [0.0232277  0.         0.         0.         0.01143329 0.01289443
   0.05673385 0.         0.01202501 0.03880036]
  [0.         0.         0.         0.         0.09014542 0.
   0.08172861 0.         0.04164165 0.        ]
  [0.03798381 0.0295597  0.12852955 0.         0.00253461 0.
   0.         0.07814481 0.         0.03203673]
  [0.         0.         0.04668773 0.         0.06750218 0.
   0.         0.         0.         0.03485045]
  [0.         0.00526264 0.00685669 0.03270911 0.         0.00535394
   0.         0.         0.03971065 0.08133251]
  [0.04224731 0.         0.04977769 0.         0.         0.
   0.         0.03650811 0.00460464 0.        ]
  [0.         0.07334213 0.         0.         0.         0.
   0.01178168 0.01119323 0.05386643 0.        ]
  [0.10866129 0.01173466 0.00582966 0.00879421 0.1751347  0.
   0.         0.         0.         0.        ]
  [0.05281742 0.13482133 0.02842232 0.         0.03839238 0.
   0.         0.         0.01678462 0.01689406]]]"
23,0.3975578733146782,"[[[7.24328682e-03 6.35060519e-02 0.00000000e+00 0.00000000e+00
   0.00000000e+00 0.00000000e+00 3.19831111e-02 0.00000000e+00
   9.54902843e-02 1.15347646e-01]
  [1.93140171e-02 0.00000000e+00 0.00000000e+00 0.00000000e+00
   2.36019976e-02 2.93201767e-03 5.81712909e-02 0.00000000e+00
   0.00000000e+00 3.77826765e-02]
  [0.00000000e+00 0.00000000e+00 0.00000000e+00 0.00000000e+00
   8.51214975e-02 0.00000000e+00 7.42674023e-02 0.00000000e+00
   5.23488894e-02 0.00000000e+00]
  [2.75242534e-02 8.78017955e-03 1.41032606e-01 0.00000000e+00
   1.59456842e-02 0.00000000e+00 0.00000000e+00 8.67215171e-02
   0.00000000e+00 4.65551727e-02]
  [0.00000000e+00 0.00000000e+00 5.27636781e-02 0.00000000e+00
   5.32203615e-02 0.00000000e+00 0.00000000e+00 0.00000000e+00
   0.00000000e+00 3.74020338e-02]
  [1.40991877e-04 1.51222385e-02 1.05146393e-02 3.35237458e-02
   0.00000000e+00 5.07805450e-03 0.00000000e+00 1.41423894e-03
   5.67421243e-02 8.07422623e-02]
  [4.82559241e-02 0.00000000e+00 5.14055341e-02 0.00000000e+00
   0.00000000e+00 0.00000000e+00 0.00000000e+00 2.89200395e-02
   3.00437268e-02 0.00000000e+00]
  [0.00000000e+00 6.45249188e-02 0.00000000e+00 0.00000000e+00
   0.00000000e+00 0.00000000e+00 5.70962019e-03 1.04365842e-02
   4.86427508e-02 1.01557262e-02]
  [9.49185491e-02 1.27773415e-02 1.36450399e-02 1.93964224e-02
   1.79803744e-01 0.00000000e+00 1.30811678e-02 0.00000000e+00
   0.00000000e+00 0.00000000e+00]
  [4.60495353e-02 1.25629485e-01 3.21315974e-02 0.00000000e+00
   2.77066082e-02 0.00000000e+00 0.00000000e+00 0.00000000e+00
   3.13907973e-02 3.15035880e-02]]]"
24,0.35222589671839233,"[[[0.00625998 0.06276369 0.         0.         0.         0.
   0.03366713 0.         0.09457042 0.10699847]
  [0.02334174 0.         0.         0.         0.02948336 0.00894857
   0.05383829 0.         0.         0.02995701]
  [0.         0.         0.         0.         0.09390373 0.
   0.09046212 0.         0.04861353 0.        ]
  [0.02034864 0.01524825 0.14650317 0.         0.01723799 0.00110556
   0.         0.08908374 0.         0.04998929]
  [0.         0.         0.06977289 0.         0.05930458 0.
   0.         0.         0.         0.03431776]
  [0.         0.01382273 0.         0.04165809 0.         0.00608277
   0.         0.         0.04317227 0.07958308]
  [0.03772952 0.         0.05332355 0.         0.         0.
   0.         0.03434397 0.03161726 0.        ]
  [0.         0.06659776 0.         0.         0.         0.
   0.01530902 0.01128226 0.05865537 0.00779247]
  [0.10647304 0.00816258 0.00922935 0.01949645 0.18835205 0.
   0.02645858 0.         0.         0.        ]
  [0.04496937 0.13966912 0.04361017 0.         0.04203132 0.
   0.         0.         0.03438204 0.03926711]]]"
25,0.4181633172220809,"[[[0.00712344 0.06898537 0.         0.         0.         0.
   0.03708644 0.         0.09542866 0.12421566]
  [0.02138929 0.         0.         0.         0.03200835 0.00464011
   0.05981221 0.         0.         0.03711799]
  [0.         0.         0.         0.         0.0889933  0.
   0.08278991 0.         0.05535045 0.        ]
  [0.02698231 0.00800112 0.15769656 0.         0.02079913 0.00036253
   0.         0.09289671 0.         0.05453086]
  [0.         0.         0.06516191 0.         0.05865989 0.
   0.         0.         0.         0.03998589]
  [0.00426841 0.01465654 0.00844203 0.04092415 0.         0.00463548
   0.         0.00200043 0.05666736 0.08688106]
  [0.05037304 0.         0.05793801 0.         0.         0.
   0.         0.03094471 0.03644593 0.        ]
  [0.         0.0697913  0.         0.         0.         0.
   0.00771794 0.01223969 0.05801854 0.01255402]
  [0.10291015 0.01226529 0.0117054  0.01884822 0.19526929 0.
   0.01985163 0.         0.         0.        ]
  [0.04684852 0.13967991 0.03806081 0.         0.03442142 0.
   0.         0.         0.03619252 0.03874614]]]"
26,0.4255405749173239,"[[[0.00688134 0.05997754 0.         0.         0.         0.
   0.03186435 0.         0.08977376 0.1062376 ]
  [0.02126165 0.         0.         0.         0.02365517 0.00875338
   0.05668213 0.         0.         0.03231566]
  [0.         0.         0.         0.         0.08702765 0.
   0.07771058 0.         0.04726002 0.        ]
  [0.02329033 0.0133649  0.14088771 0.         0.02151931 0.
   0.         0.0837286  0.         0.04445252]
  [0.         0.         0.06083091 0.         0.05332214 0.
   0.         0.         0.         0.03429534]
  [0.         0.01686331 0.00570898 0.03666481 0.         0.0032272
   0.         0.00208693 0.04776523 0.08211701]
  [0.04099867 0.         0.05176883 0.         0.         0.
   0.         0.02811052 0.02755917 0.        ]
  [0.         0.06159554 0.         0.         0.         0.
   0.00930196 0.00728021 0.04965426 0.0099203 ]
  [0.09795419 0.00997967 0.0092462  0.01592628 0.18143681 0.
   0.01419789 0.         0.         0.        ]
  [0.04178642 0.12829    0.0350838  0.         0.03273817 0.
   0.         0.         0.03395014 0.0394356 ]]]"
27,0.3441363520732638,"[[[0.00616559 0.06515267 0.         0.         0.         0.
   0.03975086 0.         0.09563887 0.12780285]
  [0.02732529 0.         0.         0.         0.02612873 0.00153933
   0.06375256 0.         0.         0.03816063]
  [0.         0.         0.         0.         0.08545814 0.
   0.07008832 0.         0.05788485 0.        ]
  [0.02713876 0.00436872 0.15688609 0.         0.02631132 0.00344294
   0.         0.09309883 0.         0.04966116]
  [0.         0.         0.05552054 0.         0.04889236 0.
   0.         0.         0.         0.04409747]
  [0.         0.023135   0.01237014 0.04296523 0.         0.00346683
   0.         0.00709512 0.07004829 0.08774958]
  [0.05322699 0.         0.05117784 0.         0.         0.
   0.         0.02941753 0.03287859 0.        ]
  [0.         0.06561051 0.         0.         0.         0.
   0.         0.00851465 0.04778552 0.0226461 ]
  [0.0923074  0.01171185 0.01700672 0.01744966 0.18618678 0.
   0.01355282 0.         0.         0.        ]
  [0.04614599 0.12456509 0.03669548 0.         0.01975393 0.
   0.         0.         0.03895749 0.04140189]]]"
28,0.36914271177817354,"[[[0.00714572 0.05652839 0.         0.         0.         0.
   0.03428058 0.         0.09249391 0.10197676]
  [0.0150243  0.         0.         0.         0.02104897 0.00764256
   0.05320312 0.         0.         0.02944699]
  [0.         0.         0.         0.         0.0833929  0.
   0.07644945 0.         0.04728761 0.        ]
  [0.01990852 0.01136108 0.12594551 0.         0.02313495 0.
   0.         0.07742748 0.         0.04645077]
  [0.         0.         0.05933741 0.         0.04676032 0.
   0.         0.         0.         0.0251362 ]
  [0.         0.02170591 0.00931031 0.02662976 0.         0.00231988
   0.         0.00451518 0.05072055 0.08121742]
  [0.03718593 0.         0.04937174 0.         0.         0.
   0.         0.01939197 0.03443953 0.        ]
  [0.         0.04913497 0.         0.         0.         0.
   0.01522899 0.00551224 0.04445197 0.00856721]
  [0.09513421 0.01235706 0.00783866 0.01912566 0.18414356 0.
   0.01449368 0.         0.         0.        ]
  [0.03750575 0.1213486  0.02416327 0.         0.03428788 0.
   0.         0.         0.03465764 0.04280247]]]"
29,0.34945306537776644,"[[[0.0076745  0.06352368 0.         0.         0.         0.
   0.0332348  0.         0.09458797 0.108431  ]
  [0.01204789 0.         0.         0.         0.02530748 0.00678295
   0.05314223 0.         0.         0.03079348]
  [0.         0.         0.         0.         0.08413732 0.
   0.08195423 0.         0.05064383 0.        ]
  [0.02457047 0.01258082 0.12903132 0.         0.01599664 0.
   0.         0.07865806 0.         0.0529806 ]
  [0.         0.         0.05883239 0.         0.05494015 0.
   0.         0.         0.         0.02490397]
  [0.         0.01449782 0.01135099 0.02618244 0.         0.001883
   0.         0.00350515 0.04900989 0.0798229 ]
  [0.04054762 0.         0.05411064 0.         0.         0.
   0.         0.02338257 0.03622919 0.        ]
  [0.         0.05514137 0.         0.         0.         0.
   0.02048116 0.00910217 0.0536847  0.00414096]
  [0.10224974 0.01489246 0.00666416 0.01967348 0.19255954 0.
   0.0164191  0.         0.         0.        ]
  [0.04091829 0.13084403 0.02133128 0.         0.04107196 0.
   0.         0.         0.03175026 0.03740611]]]"
30,0.3844314423810736,"[[[0.01206206 0.05689836 0.         0.         0.         0.
   0.01804128 0.         0.08972694 0.09249908]
  [0.01635928 0.         0.         0.         0.00853758 0.01206019
   0.05449843 0.         0.01524528 0.03862794]
  [0.         0.         0.         0.         0.08263763 0.
   0.07220884 0.         0.03907136 0.        ]
  [0.03345599 0.02539669 0.11437892 0.         0.00760105 0.
   0.         0.07141121 0.         0.02957837]
  [0.         0.         0.04309022 0.         0.05737287 0.
   0.         0.         0.         0.02863876]
  [0.         0.01115174 0.00965545 0.02304597 0.         0.00488656
   0.         0.00245701 0.0411457  0.08122091]
  [0.03942749 0.         0.04687557 0.         0.         0.
   0.00124908 0.02408401 0.00868748 0.        ]
  [0.         0.06085724 0.         0.         0.         0.
   0.00961353 0.00802131 0.04299365 0.        ]
  [0.09773282 0.01336224 0.00508348 0.0095093  0.16734287 0.
   0.         0.         0.         0.        ]
  [0.04516044 0.12108742 0.02008845 0.         0.03319697 0.
   0.         0.         0.01787311 0.01984214]]]"
31,0.42686339353853986,"[[[1.03397230e-02 5.68582974e-02 0.00000000e+00 0.00000000e+00
   0.00000000e+00 0.00000000e+00 2.87833642e-02 0.00000000e+00
   8.73769447e-02 1.03318438e-01]
  [1.63839888e-02 0.00000000e+00 0.00000000e+00 0.00000000e+00
   2.14322619e-02 6.23091962e-03 5.35581596e-02 0.00000000e+00
   0.00000000e+00 3.63797396e-02]
  [0.00000000e+00 0.00000000e+00 0.00000000e+00 0.00000000e+00
   8.15162808e-02 0.00000000e+00 7.36708343e-02 0.00000000e+00
   4.40443456e-02 0.00000000e+00]
  [2.44349632e-02 9.15413257e-03 1.35915071e-01 0.00000000e+00
   1.98406093e-02 0.00000000e+00 0.00000000e+00 8.16006586e-02
   0.00000000e+00 3.98819856e-02]
  [0.00000000e+00 0.00000000e+00 5.95048070e-02 0.00000000e+00
   5.16462848e-02 0.00000000e+00 0.00000000e+00 0.00000000e+00
   0.00000000e+00 3.49665172e-02]
  [0.00000000e+00 1.53731946e-02 6.22805580e-03 2.93625556e-02
   0.00000000e+00 6.74947305e-03 0.00000000e+00 1.51928252e-04
   4.63953763e-02 8.30683634e-02]
  [4.48058434e-02 0.00000000e+00 5.24568185e-02 0.00000000e+00
   0.00000000e+00 0.00000000e+00 0.00000000e+00 2.22768709e-02
   2.83708889e-02 0.00000000e+00]
  [0.00000000e+00 6.02090545e-02 0.00000000e+00 0.00000000e+00
   0.00000000e+00 0.00000000e+00 4.77344170e-03 9.90803912e-03
   4.39217873e-02 5.00811450e-03]
  [9.05745104e-02 9.48005356e-03 8.29859823e-03 1.81247648e-02
   1.70320615e-01 0.00000000e+00 8.98920652e-03 0.00000000e+00
   0.00000000e+00 0.00000000e+00]
  [4.25619259e-02 1.23763263e-01 3.30706984e-02 0.00000000e+00
   2.98434980e-02 0.00000000e+00 0.00000000e+00 0.00000000e+00
   2.88077798e-02 3.35235335e-02]]]"
32,0.3941236326634444,"[[[0.00384271 0.06150827 0.         0.         0.         0.
   0.03315694 0.         0.08847448 0.11239549]
  [0.00858944 0.         0.         0.         0.02439662 0.00691846
   0.06287095 0.         0.         0.03783676]
  [0.         0.         0.         0.         0.08070939 0.
   0.06484731 0.         0.04945477 0.        ]
  [0.0242526  0.00442672 0.13943137 0.         0.03061907 0.
   0.         0.08074676 0.         0.04685214]
  [0.         0.         0.05500651 0.         0.04517268 0.
   0.         0.         0.         0.0313892 ]
  [0.         0.01900585 0.01615384 0.02556608 0.         0.
   0.         0.01199641 0.05405182 0.08686481]
  [0.04757879 0.         0.05677378 0.         0.         0.
   0.00037623 0.0160009  0.03712502 0.        ]
  [0.         0.05390631 0.         0.         0.         0.
   0.00753457 0.00172081 0.04059253 0.01120669]
  [0.09095118 0.01755931 0.01047778 0.0169195  0.1886508  0.
   0.00776485 0.         0.         0.        ]
  [0.03395807 0.12076949 0.02248341 0.         0.02456599 0.
   0.         0.         0.04053296 0.04377436]]]"
33,0.3836428389722717,"[[[0.00369608 0.06249962 0.         0.         0.         0.
   0.04008499 0.         0.09294514 0.11057895]
  [0.01325613 0.         0.         0.         0.03066524 0.00875091
   0.05727765 0.         0.         0.02689164]
  [0.         0.         0.         0.         0.08880425 0.
   0.08266674 0.         0.05116171 0.        ]
  [0.01667126 0.00740503 0.14295389 0.         0.0306371  0.
   0.         0.0837727  0.         0.0566241 ]
  [0.         0.         0.07104319 0.         0.04987889 0.
   0.         0.         0.00158838 0.02625999]
